1850    -0.3
1851    -0.5
1852    0.64
1853    -0.8
1854    -0.0
1855    -0.8
1856    0.20
1857    0.43
1858    -0.1
1859    0.79
1860    -0.8
1861    0.32
1862    0.63
1863    0.60
1864    -0.5
1865    0.55
1866    0.64
1867    0.13
1868    0.95
1869    0.21
1870    -0.2
1871    -0.6
1872    0.70
1873    0.25
1874    0.10
1875    -0.0
1876    0.39
1877    0.36
1878    -0.0
1879    -1.0
1880    0.29
1881    -0.0
1882    0.10
1883    -0.2
1884    0.30
1885    -0.2
1886    -0.0
1887    -1.0
1888    -0.9
1889    -0.7
1890    -0.7
1891    -0.6
1892    -0.1
1893    0.59
1894    0.06
1895    -0.0
1896    -0.4
1897    0.48
1898    0.66
1899    0.85
1900    0.54
1901    -0.4
1902    -0.2
1903    0.02
1904    0.52
1905    -0.2
1906    0.25
1907    -0.0
1908    -0.0
1909    -0.5
1910    -0.0
1911    0.84
1912    -0.0
1913    0.50
1914    0.19
1915    -0.0
1916    0.22
1917    -0.6
1918    0.28
1919    -0.2
1920    0.64
1921    1.10
1922    -0.1
1923    0.37
1924    0.11
1925    -0.1
1926    0.72
1927    0.32
1928    0.87
1929    0.16
1930    0.74
1931    -0.1
1932    0.08
1933    0.19
1934    0.73
1935    0.27
1936    0.38
1937    0.86
1938    0.44
1939    0.18
1940    -0.3
1941    -0.4
1942    0.05
1943    1.20
1944    0.25
1945    1.11
1946    0.31
1947    1.29
1948    0.92
1949    1.39
1950    0.84
1951    0.43
1952    0.52
1953    0.57
1954    0.00
1955    0.52
1956    -0.6
1957    0.59
1958    0.51
1959    1.30
1960    0.54
1961    1.36
1962    -0.2
1963    -0.6
1964    0.49
1965    -0.0
1966    0.78
1967    0.63
1968    0.32
1969    0.26
1970    0.37
1971    0.34
1972    0.02
1973    0.28
1974    0.55
1975    0.46
1976    0.78
1977    0.53
1978    0.06
1979    0.21
1980    -0.1
1981    0.52
1982    1.25
1983    1.01
1984    0.31
1985    0.02
1986    0.28
1987    0.31
1988    1.11
1989    1.59
1990    1.62
1991    0.61
1992    1.01
1993    0.62
1994    1.83
1995    1.39
1996    0.35
1997    1.65
1998    1.06
1999    1.47
2000    1.59
2001    1.20
2002    1.63
2003    1.93
2004    1.11
2005    1.096
2006    1.78
2007    1.46
2008    1.09
2009    1.48
2010    0.38
2011    2.15
2012    1.29
2013    0.84
2014    2.06
2015    1.88
2016    1.46
2017    1.72
2018    2.27


















































































